1.311818355834793692e+01
1.420905404308654596e+01
2.664392362326229602e+01
3.328579032996524489e+01
2.487111515893911218e+01
1.329668044445357644e+01
4.945092370761832612e+00
1.285407556337563761e+00
4.643256910354238265e+00
5.398304655431304333e+00
4.300855978742556651e+00
2.509503343893500826e+00
9.176281841390203642e-01
6.238569734818162349e-01
9.655846233254574695e-01
8.931157465149520691e-01
6.094003856907748151e-01
3.948833764504814936e-01
3.156796530295359893e-01
2.161396212043345533e-01
1.095275086182654067e-01
1.210555420467020887e-01
1.356712700944379124e-01
9.909984531860903390e-02
4.702224899079684300e-02
2.309813238495607435e-02
3.113499652467078757e-02
3.017068768949554558e-02
2.143149038069599999e-02
1.330449102097620503e-02
8.992391516093252088e-03
5.204882222969151040e-03
2.543243758563758401e-03
2.921872354189693037e-03
2.970318287643939053e-03
2.193699229541323358e-03
1.218699056699572075e-03
4.822122335352882049e-04
6.014304445715160140e-04
4.473820810418102732e-04
3.643362554573453707e-05
2.139948567097585928e-04
3.154510746598816967e-04
7.732894647658077373e-05
1.635331572244052016e-04
1.291469820260594695e-04
8.909786047097868083e-05
1.191849820208094402e-04
1.130377697189743040e-04
8.064130218853564477e-05
1.172499794193505824e-04
8.211187911465847079e-05
9.655127292308333465e-05
9.146878522700314235e-05
8.284439079575175167e-05
8.719516678386222811e-05
8.293684269441783398e-05
7.643966238267832036e-05
8.014199140403280644e-05
7.688204676893987662e-05
7.042234552837542698e-05
7.260633664988303524e-05
7.128457811687586763e-05
6.486052761013087688e-05
6.604554935055110111e-05
6.696571427121634460e-05
5.879542426964561551e-05
6.055726176597427644e-05
6.263956099221590519e-05
5.320807825865696321e-05
5.700737677337113364e-05
5.583503935464777875e-05
4.987132733887625092e-05
5.253392655198203023e-05
5.144515972553074780e-05
4.519605193702457880e-05
4.910974467370026061e-05
4.653405044880747689e-05
4.211379088171375161e-05
4.626960679087041892e-05
4.049788555245916377e-05
4.003665895703067951e-05
4.250289492460796457e-05
3.656842718985006262e-05
3.814424776986523205e-05
3.895400200493580892e-05
3.169971334359454401e-05
3.739481805821573326e-05
3.584864029123800510e-05
2.792825417508298998e-05
3.573306028453611643e-05
3.207736807495085350e-05
2.662303800243903443e-05
3.282874003336682571e-05
3.047733960587039578e-05
2.259831762013568375e-05
3.247934243103598568e-05
2.830829843896947762e-05
2.024012682216993564e-05
3.137381082034325933e-05
2.563764598583840785e-05
1.928358866306377774e-05
3.097047793299912891e-05
2.181724085622582752e-05
1.932392339821409788e-05
2.924337223673798583e-05
1.976331490895217306e-05
1.969429698074015190e-05
2.567423135515350195e-05
1.846935270711249467e-05
2.042917665421593095e-05
2.423410196830879870e-05
1.619431015110403278e-05
2.169906396204161625e-05
2.090810500370595307e-05
1.812025100940646276e-05
2.084526337011383533e-05
2.004207407851542222e-05
1.677398109780829408e-05
2.288852526398638443e-05
1.804404161000435408e-05
1.861324810707956187e-05
2.199072899058268299e-05
1.699042693997402392e-05
2.049756292818981102e-05
2.203054643043152972e-05
1.655927827410787025e-05
2.018341560634848272e-05
2.307835143049810045e-05
1.707262402780959477e-05
2.082543729824188646e-05
2.260197770888938693e-05
1.752095079810510924e-05
2.154419114691722930e-05
2.331589806958053046e-05
1.826600543843496130e-05
2.113946549822274742e-05
2.346547007866332181e-05
2.005436201791623255e-05
2.197413819532495485e-05
2.302967736734577969e-05
2.053096472428143937e-05
2.281025307375713086e-05
2.375421447718877933e-05
2.184958404188153176e-05
2.285092954159819028e-05
2.391681279599477435e-05
2.270440486885809278e-05
2.423627431064423688e-05
2.352840522181325338e-05
2.401361328509143441e-05
2.410040976652451727e-05
2.465527979138106671e-05
2.465396154528799833e-05
2.483020393872750937e-05
2.462866854263702363e-05
2.608992666710757417e-05
2.440521822629966201e-05
2.585349729348990365e-05
2.703486254808805438e-05
2.399711169530818186e-05
2.665596478920459689e-05
2.815644376715083661e-05
2.406624052102757685e-05
2.718910300106225570e-05
2.957514036846035211e-05
2.288455233370037260e-05
2.870699733126383163e-05
3.018715807335607175e-05
2.384075934235444240e-05
2.831252104765214018e-05
3.142177607089589766e-05
2.288827261675718019e-05
3.033251244378292700e-05
3.173495377048930895e-05
2.337526368118438924e-05
2.923734111617350714e-05
3.375372937254349562e-05
2.315350337587115430e-05
2.982131558037586538e-05
3.394684559862733673e-05
2.359130103927660775e-05
2.960944381859049136e-05
3.423825009619740006e-05
2.433346327233876385e-05
2.976113820563989354e-05
3.330128727872778911e-05
2.599762522299985646e-05
2.930755760801937837e-05
3.227384732123081911e-05
2.731191495496273935e-05
2.886672511740714974e-05
3.200147969408573029e-05
2.930979951335065933e-05
2.691312649661741190e-05
3.175932593790768444e-05
3.104425614844879530e-05
2.590674272977014180e-05
3.150774831351795061e-05
3.234168456195085471e-05
2.529558653589828826e-05
3.084683523877199444e-05
3.388146023644605020e-05
2.470979238232403821e-05
3.031520857534911751e-05
3.391977766247224429e-05
2.621748372560059746e-05
2.887809900813444140e-05
3.461626956340264124e-05
2.651247212887187257e-05
2.741394986107512308e-05
3.547779396839988207e-05
2.632943944993435285e-05
2.748262229134423648e-05
3.425921583416157004e-05
2.708382983129305148e-05
2.729083547771718907e-05
3.345395534985242254e-05
2.704344129581667667e-05
2.744725148724677169e-05
3.183674332213599185e-05
2.706560713965993042e-05
2.890408582561530473e-05
2.943535636009453856e-05
2.767108209053054004e-05
2.884853765693935469e-05
2.794015996682822246e-05
2.822039960090674398e-05
2.807159117546498186e-05
2.782468604876773199e-05
2.780343069768981127e-05
2.789342400087345219e-05
2.751763560229458615e-05
2.714891356227809455e-05
2.755128973446384222e-05
2.732906217001843354e-05
2.680417680080241852e-05
2.717338699459093316e-05
2.647652918795874791e-05
2.664580112251838708e-05
2.659019294720973118e-05
2.667563953628330402e-05
2.514189998840733492e-05
2.704252018236658189e-05
2.568703343531470422e-05
2.489647730459452674e-05
2.644860528631556406e-05
2.547506244856924382e-05
2.380353872660688567e-05
2.608289872395083207e-05
2.602603105072378469e-05
2.259115408604058929e-05
2.495076996884672754e-05
2.616394908032360520e-05
2.229356637025078621e-05
2.360594944026409153e-05
2.656664308569715407e-05
2.065714133084512773e-05
2.439392440767310113e-05
2.484545364753590807e-05
2.039209995149656999e-05
2.418101927171475895e-05
2.350519835810178037e-05
1.972749658354756996e-05
2.397151890232424772e-05
2.334148518576028406e-05
1.811186719684113779e-05
2.367931024904100469e-05
2.298115030739653988e-05
1.742838823657249852e-05
2.282198352780819421e-05
2.156803443285183432e-05
1.838016514140096791e-05
2.143366030808053832e-05
2.002362222283610236e-05
1.902116230383368566e-05
2.023866559376731857e-05
1.894002061129265607e-05
1.891249777258883840e-05
1.928874711332005117e-05
1.779340047775951634e-05
1.953683498515437010e-05
1.708062728608224486e-05
1.764209918483712313e-05
1.989842421845052360e-05
1.453583289945568068e-05
1.847397096079861080e-05
1.869546929617040226e-05
1.465803284977948052e-05
1.664356341721456186e-05
1.830309099059195731e-05
1.449425347261103948e-05
1.534329564703113365e-05
1.709956148032166560e-05
1.525896340136840814e-05
1.346817340403174483e-05
1.736535985265404692e-05
1.303570430429648347e-05
1.422263797832870502e-05
1.631025067891866436e-05
1.221987466893785489e-05
1.334336861588299477e-05
1.594877162124843048e-05
1.188199671522033271e-05
1.200732831037852949e-05
1.548750352609934832e-05
1.205185138298185582e-05
1.050392774123010250e-05
1.561781688551458770e-05
1.213958388368278550e-05
8.801035223499858358e-06
1.460927604172339647e-05
1.136048421937289391e-05
1.013004545104517758e-05
1.153789136308202350e-05
1.196011373225246950e-05
7.879221918154486929e-06
1.280120808088198578e-05
1.000844463843044446e-05
8.482975767943923994e-06
1.060092242114184448e-05
1.026794046546103169e-05
8.571022162633979918e-06
8.856548109626561873e-06
1.075560570309412911e-05
7.466414951311049047e-06
8.886215946305704114e-06
9.243210171416533130e-06
9.432207871762165698e-06
5.827840386797213953e-06
1.005504476602102023e-05
8.592596726461788694e-06
6.678338869766711716e-06
8.011541501118379588e-06
9.947884111184574979e-06
5.142990496640671975e-06
8.398571534518608432e-06
9.776266850852030998e-06
4.938669878017174479e-06
8.396297430968191453e-06
8.785730051174757578e-06
5.608101771472999612e-06
8.816456182709305254e-06
7.797020972878595412e-06
6.805012093556054891e-06
7.593664108848876578e-06
7.058023438303522098e-06
7.798645307214138709e-06
7.382042298446531759e-06
7.048845678624475951e-06
7.504791836310242069e-06
7.854220590185220330e-06
7.244598288673861076e-06
7.826849439394292619e-06
7.324788990945022617e-06
8.168403567440738695e-06
7.940559362530019447e-06
7.599562979968989291e-06
8.248950001362870954e-06
8.895325987764794221e-06
6.360070452611070174e-06
1.008895031951659203e-05
9.976720349891629800e-06
5.644718504601383788e-06
1.060383128461991250e-05
1.019264362613263361e-05
6.384848499648676581e-06
1.138719350330780314e-05
9.521625861815998643e-06
7.144045738576676357e-06
1.266666784319573886e-05
8.822741056333559135e-06
8.913022683545879124e-06
1.196320253836825072e-05
8.269380515372052993e-06
1.032992670755012628e-05
1.230887126879268093e-05
8.623759943476560624e-06
1.033500349522255094e-05
1.275982787288168559e-05
8.748783545763863539e-06
1.211998302690536731e-05
1.184672644469673649e-05
9.562813669555182325e-06
1.218461646722981518e-05
1.263788717845491474e-05
9.602722600060851070e-06
1.353698788007592488e-05
1.095419404411603512e-05
1.201077177466448776e-05
1.335980104275238013e-05
1.092216811916455678e-05
1.240944221557150972e-05
1.378099095132338253e-05
1.168959474384599189e-05
1.222751526564135220e-05
1.458384640963486234e-05
1.182276062899780018e-05
1.264146195999215232e-05
1.456301167601840576e-05
1.337146948125571029e-05
1.211159552527385758e-05
1.437634791330360917e-05
1.439384131683108808e-05
1.281815190483798702e-05
1.374833247737582864e-05
1.588926787324727210e-05
1.150924812241007208e-05
1.557992548617567296e-05
1.562541390648275434e-05
1.180006696913549884e-05
1.575111863311935879e-05
1.740999647444017918e-05
1.010025672661108983e-05
1.733880730710159001e-05
1.787752481914157718e-05
1.017952548002453664e-05
1.741363348387986229e-05
1.846499383600021886e-05
1.041840399425859656e-05
1.740028391930455989e-05
1.783213023359262554e-05
1.199884915849385919e-05
1.713284949407406442e-05
1.667000580875896900e-05
1.296250929792512445e-05
1.747584849913657760e-05
1.695106501388673787e-05
1.263077222420647305e-05
1.837993309286260413e-05
1.554702395602724783e-05
1.449320078697011413e-05
1.799780852700762752e-05
1.510613158699609646e-05
1.498608570782007136e-05
1.816519502517062738e-05
1.440166500387149346e-05
1.666956628435601866e-05
1.706998982758231026e-05
1.404919288615874321e-05
1.701898470566157330e-05
1.832737710343404649e-05
1.312616730366576141e-05
1.790591176899476595e-05
1.733802124921854991e-05
1.370300666258127440e-05
1.814415436252328690e-05
1.755295786290318207e-05
1.280775162200713250e-05
1.918422426794043199e-05
1.679757905004449118e-05
1.409581080997344195e-05
1.821090756629804730e-05
1.646317882219959974e-05
1.409885682522410819e-05
1.829560548147006314e-05
1.666405961560538205e-05
1.407698084318677175e-05
1.816309045166609060e-05
1.494029566204601640e-05
1.697533448370812183e-05
1.541406117813315859e-05
1.652740932127586823e-05
1.482005415574597728e-05
1.760791475351498677e-05
1.451844390990399392e-05
1.681397754436743711e-05
1.583576613227721062e-05
1.492875920476069566e-05
1.628368066441839002e-05
1.641867554330711629e-05
1.404391241860148769e-05
1.627576134594253417e-05
1.686176085447200969e-05
1.291720046344482979e-05
1.720815203701372471e-05
1.631769885078001350e-05
1.255606190275017475e-05
1.656503209004900673e-05
1.686615780317800303e-05
1.193422656836659315e-05
1.662952404865576420e-05
1.742851782061038881e-05
1.096540349119710132e-05
1.648437953830178787e-05
1.684062964289867985e-05
1.132136100126746084e-05
1.614258971737998587e-05
1.695306933960192977e-05
1.008439530345440943e-05
1.686665105956414114e-05
1.740104849969402554e-05
8.668375438085995798e-06
1.752496958653271546e-05
1.528624243390040401e-05
9.400236273856524784e-06
1.727576415564711828e-05
1.493050758489638025e-05
8.478311146644718476e-06
1.737582592064311119e-05
1.548692905246990491e-05
7.151446833230866238e-06
1.761996330596940131e-05
1.458711264522822930e-05
7.080281503044111069e-06
1.703022806171875918e-05
1.669103934595497104e-05
5.052977904125518472e-06
1.694691147005685688e-05
1.565639327895382697e-05
6.522712914499990290e-06
1.519488734649547662e-05
1.621354042375100954e-05
5.628381195109328076e-06
1.528917024648981029e-05
1.520161412552043881e-05
6.897414059254876118e-06
1.287273427910187514e-05
1.498442265855454387e-05
7.673079674950243937e-06
1.110765187077382016e-05
1.509741882212332414e-05
8.304539365252705749e-06
9.467269291760502245e-06
1.493500451563716414e-05
8.114331233371889471e-06
8.422552792842642253e-06
1.314620757775651168e-05
8.903567792387154014e-06
7.690652661865101880e-06
1.135933513794783718e-05
1.055001609527948471e-05
6.205613287991359690e-06
1.039579452882994841e-05
1.060579329753875604e-05
7.017015049469029847e-06
7.737099062841580797e-06
1.179197773620946749e-05
6.753685535048110588e-06
6.682884674782635671e-06
1.314483062925378712e-05
6.610818823748075436e-06
4.409515383953587457e-06
1.275912049920154332e-05
6.630798747419454009e-06
5.019006778702337227e-06
1.174319509456525966e-05
5.909310436177690214e-06
5.245277343905369872e-06
9.930677857269201567e-06
6.912952681992760211e-06
4.759499458905902017e-06
8.555458225578573532e-06
5.455598721847043781e-06
6.741796955751432200e-06
7.223529114542232277e-06
5.046774242732776735e-06
6.776938486914243663e-06
6.355564741918816953e-06
5.652814592717631618e-06
8.257697312743335081e-06
3.776041830751318062e-06
5.660048956076321210e-06
9.202777093911762384e-06
4.601644118973089522e-06
5.835133609401399268e-06
8.215820953131250569e-06
4.693185940749506046e-06
5.081511950544831826e-06
1.055497951153167290e-05
4.921904989384809225e-06
6.253388165286979291e-06
9.447889719735545066e-06
5.721015814044045635e-06
3.639857449561085418e-06
1.074350883481319419e-05
7.082592194807777224e-06
6.137021699781945143e-06
1.169139545532590918e-05
6.498398098027273606e-06
3.904225863938561781e-06
1.167905660953001409e-05
8.984835486274350705e-06
3.920466690699676389e-06
1.151809764267708470e-05
8.378502525611712865e-06
2.130951258078250615e-06
1.158566972344075387e-05
9.909549215351236680e-06
1.448006115523411936e-06
1.021587344689182947e-05
1.049003831303301809e-05
1.180212453018166219e-06
9.334312069508496945e-06
1.025363377152827769e-05
2.609997263803276412e-06
8.787276308307145743e-06
9.858612779637671624e-06
5.684135627691918439e-06
5.585157553426018592e-06
1.075656885462287621e-05
7.128560006361304237e-06
5.722045726857086887e-06
9.296481432058791963e-06
1.062323373910784835e-05
3.621819210927236176e-06
1.021107519352743266e-05
1.177243681220052939e-05
5.138674835981482393e-06
9.438402908274377780e-06
1.328326837526489399e-05
6.025317654904384302e-06
9.417561933832888478e-06
1.453000616678102402e-05
6.763451541178433415e-06
9.182996204927875672e-06
1.559852278208607261e-05
6.717216721808409750e-06
8.770310438479172126e-06
1.432209005289916992e-05
1.000681305692034236e-05
5.588744458518504945e-06
1.613075267496799249e-05
1.121819508207122802e-05
5.097515665532939868e-06
1.450857172517117024e-05
1.410904206743627550e-05
4.040494736602809704e-06
1.427908529698931355e-05
1.449556191209932189e-05
5.484141390562987375e-06
1.287429632312898536e-05
1.619782346126744687e-05
6.683930421742013351e-06
1.172988433545627606e-05
1.692278710966491295e-05
8.282438853973622772e-06
1.247165548183710925e-05
1.807385634927339494e-05
7.707932083826055276e-06
1.248857922184820870e-05
1.691708451860986811e-05
1.072120301735114787e-05
1.046354542439092041e-05
1.763885774268653548e-05
1.090153740223493357e-05
1.047521495399884203e-05
1.622709144606746673e-05
1.266272470901985071e-05
8.991247157546869304e-06
1.684795452836483710e-05
1.223730777048518020e-05
1.057553950538128876e-05
1.516157235894895867e-05
1.303081278972956594e-05
1.094478120346641987e-05
1.537988660497466135e-05
1.219086168364597915e-05
1.311460231064103272e-05
1.293684565970411063e-05
1.398863568655554631e-05
1.295609631853507147e-05
1.304700046515158425e-05
1.442851123017054869e-05
1.279675924229867926e-05
1.314872062007174606e-05
1.487422824389562796e-05
1.238717640609540463e-05
1.384631728974759067e-05
1.487623751181753184e-05
1.235814372284985388e-05
1.377352356617496108e-05
1.609927003316114145e-05
1.109750628613534590e-05
1.475551640272607876e-05
1.535283980459876141e-05
1.218628250030822444e-05
1.455156144006261991e-05
1.495960876724227602e-05
1.301461766334049888e-05
1.389236229570604123e-05
1.496137587619212462e-05
1.368171285824745101e-05
1.375072587131953709e-05
1.457588817300025988e-05
1.388006108891221275e-05
1.388006108899816965e-05
1.457588817300025988e-05
1.375072587086386386e-05
1.368171285811476160e-05
1.496137587619212462e-05
1.389236229547272939e-05
1.301461766360487310e-05
1.495960876724227602e-05
1.455156143962368066e-05
1.218628250019220633e-05
1.535283980459876141e-05
1.475551640267801981e-05
1.109750628624514169e-05
1.609927003316114145e-05
1.377352356581609694e-05
1.235814372274716130e-05
1.487623751181753184e-05
1.384631728956038792e-05
1.238717640587263497e-05
1.487422824389562796e-05
1.314872062008867656e-05
1.279675924211398373e-05
1.442851123017054869e-05
1.304700046516292263e-05
1.295609631837087752e-05
1.398863568655554631e-05
1.293684565972597425e-05
1.311460231040827315e-05
1.219086168364597915e-05
1.537988660475380259e-05
1.094478120328443145e-05
1.303081278972956594e-05
1.516157235872403076e-05
1.057553950529883858e-05
1.223730777048518020e-05
1.684795452821443793e-05
8.991247157191266238e-06
1.266272470901985071e-05
1.622709144601867424e-05
1.047521495395309547e-05
1.090153740223493357e-05
1.763885774237766661e-05
1.046354542421093607e-05
1.072120301735114787e-05
1.691708451883226170e-05
1.248857922172591916e-05
7.707932083826055276e-06
1.807385634943470390e-05
1.247165548205559123e-05
8.282438853973622772e-06
1.692278710997912830e-05
1.172988433525829566e-05
6.683930421742013351e-06
1.619782346153088767e-05
1.287429632266309860e-05
5.484141390562987375e-06
1.449556191248830145e-05
1.427908529668370576e-05
4.040494736602809704e-06
1.410904206746716679e-05
1.450857172499649002e-05
5.097515665532939868e-06
1.121819508214240420e-05
1.613075267493036728e-05
5.588744458518504945e-06
1.000681305637708931e-05
1.432209005273344114e-05
8.770310438479172126e-06
6.717216721762990996e-06
1.559852278197456919e-05
9.182996204927875672e-06
6.763451540977426567e-06
1.453000616658440735e-05
9.417561933832888478e-06
6.025317654945842329e-06
1.328326837539228266e-05
9.438402908274377780e-06
5.138674835730816545e-06
1.177243681221001447e-05
1.021107519352743266e-05
3.621819210914402356e-06
1.062323373910143800e-05
9.296481432058791963e-06
5.722045726784946785e-06
7.128560006242685743e-06
1.075656885462287621e-05
5.585157553197841469e-06
5.684135627533717248e-06
9.858612779637671624e-06
8.787276308347578014e-06
2.609997263509864623e-06
1.025363377152827769e-05
9.334312069725179831e-06
1.180212452901190969e-06
1.049003831303301809e-05
1.021587344695457089e-05
1.448006115574639430e-06
9.909549215351236680e-06
1.158566972392066410e-05
2.130951258254995051e-06
8.378502525611712865e-06
1.151809764237524281e-05
3.920466690567181801e-06
8.984835486274350705e-06
1.167905660958508140e-05
3.904225864165803781e-06
6.498398098027273606e-06
1.169139545490051568e-05
6.137021699334507612e-06
7.082592194807777224e-06
1.074350883480936052e-05
3.639857449247327474e-06
5.721015814044045635e-06
9.447889719867019826e-06
6.253388164731368029e-06
4.921904989384809225e-06
1.055497951178781736e-05
5.081511950537851428e-06
4.693185940749506046e-06
8.215820953143695177e-06
5.835133609360010697e-06
4.601644118973089522e-06
9.202777093511142905e-06
5.660048955933226005e-06
3.776041830751318062e-06
8.257697312309871053e-06
5.652814592598050895e-06
6.355564741918816953e-06
6.776938486776027368e-06
5.046774242621480841e-06
7.223529114542232277e-06
6.741796955592241675e-06
5.455598721592729762e-06
8.555458225578573532e-06
4.759499458812465812e-06
6.912952681748325137e-06
9.930677857269201567e-06
5.245277343922528218e-06
5.909310435859339657e-06
1.174319509456525966e-05
5.019006778574220953e-06
6.630798747289797829e-06
1.275912049920154332e-05
4.409515383727115411e-06
6.610818823789172628e-06
1.314483062925378712e-05
6.682884674569955015e-06
6.753685534883273742e-06
1.179197773620946749e-05
7.737099062508549465e-06
7.017015049377812022e-06
1.060579329753875604e-05
1.039579452877218415e-05
6.205613288237297400e-06
1.055001609527948471e-05
1.135933513770712905e-05
7.690652662052108120e-06
8.903567792387154014e-06
1.314620757759296994e-05
8.422552793333013343e-06
8.114331233371889471e-06
1.493500451534287101e-05
9.467269291773390698e-06
8.304539365252705749e-06
1.509741882176063649e-05
1.110765187099861423e-05
7.673079674950243937e-06
1.498442265878891450e-05
1.287273427882448202e-05
6.897414059254876118e-06
1.520161412570787873e-05
1.528917024660325850e-05
5.628381195109328076e-06
1.621354042397967456e-05
1.519488734661136597e-05
6.522712914499990290e-06
1.565639327914512089e-05
1.694691146995056441e-05
5.052977904125518472e-06
1.669103934581151754e-05
1.703022806216226225e-05
7.080281503044111069e-06
1.458711264488269746e-05
1.761996330592151006e-05
7.151446833230866238e-06
1.548692905239215068e-05
1.737582592080075418e-05
8.478311146644718476e-06
1.493050758464115906e-05
1.727576415571594818e-05
9.400236273856524784e-06
1.528624243428127407e-05
1.752496958663720544e-05
8.668375438085995798e-06
1.740104849983854630e-05
1.686665105966128226e-05
1.008439530345440943e-05
1.695306933962115403e-05
1.614258971754677682e-05
1.132136100126746084e-05
1.684062964266038915e-05
1.648437953844313056e-05
1.096540349119710132e-05
1.742851782061653827e-05
1.662952404883398332e-05
1.193422656836659315e-05
1.686615780310641181e-05
1.656503209000767830e-05
1.255606190275017475e-05
1.631769885085625324e-05
1.720815203734248869e-05
1.291720046344482979e-05
1.686176085456043316e-05
1.627576134567615586e-05
1.404391241860148769e-05
1.641867554325724299e-05
1.628368066426190576e-05
1.492875920476069566e-05
1.583576613252565216e-05
1.681397754416300402e-05
1.451844390990399392e-05
1.760791475383179742e-05
1.482005415556755826e-05
1.652740932127586823e-05
1.541406117844786183e-05
1.697533448318068119e-05
1.494029566204601640e-05
1.816309045213137935e-05
1.407698084297472214e-05
1.666405961560538205e-05
1.829560548134899503e-05
1.409885682513073297e-05
1.646317882219959974e-05
1.821090756649741853e-05
1.409581080977917495e-05
1.679757905004449118e-05
1.918422426789166322e-05
1.280775162229688723e-05
1.755295786290318207e-05
1.814415436261313677e-05
1.370300666277156544e-05
1.733802124921854991e-05
1.790591176884866293e-05
1.312616730397865708e-05
1.832737710343404649e-05
1.701898470571234785e-05
1.404919288619441176e-05
1.706998982758231026e-05
1.666956628439304077e-05
1.440166500402160972e-05
1.816519502517062738e-05
1.498608570756811464e-05
1.510613158703871746e-05
1.799780852700762752e-05
1.449320078707250008e-05
1.554702395579499478e-05
1.837993309286260413e-05
1.263077222447114205e-05
1.695106501353999646e-05
1.747584849913657760e-05
1.296250929788495476e-05
1.667000580874732399e-05
1.713284949407406442e-05
1.199884915889324200e-05
1.783213023341366781e-05
1.740028391930455989e-05
1.041840399453963023e-05
1.846499383692025588e-05
1.741363348387986229e-05
1.017952548000800595e-05
1.787752481889047935e-05
1.733880730710159001e-05
1.010025672737443931e-05
1.740999647525041702e-05
1.575111863311935879e-05
1.180006696940976641e-05
1.562541390631465218e-05
1.557992548617567296e-05
1.150924812253368468e-05
1.588926787386869274e-05
1.374833247737582864e-05
1.281815190435113281e-05
1.439384131696049269e-05
1.437634791330360917e-05
1.211159552513353980e-05
1.337146948166012448e-05
1.456301167601840576e-05
1.264146196016672412e-05
1.182276062895895186e-05
1.458384640963486234e-05
1.222751526644889986e-05
1.168959474422758871e-05
1.378099095132338253e-05
1.240944221581296832e-05
1.092216811921386595e-05
1.335980104275238013e-05
1.201077177503364844e-05
1.095419404398744536e-05
1.353698788007592488e-05
9.602722600350870069e-06
1.263788717873051385e-05
1.218461646722981518e-05
9.562813669674031212e-06
1.184672644462903992e-05
1.211998302690536731e-05
8.748783545706039988e-06
1.275982787311667624e-05
1.033500349522255094e-05
8.623759943698425657e-06
1.230887126936663723e-05
1.032992670755012628e-05
8.269380515267500328e-06
1.196320253843991479e-05
8.913022683545879124e-06
8.822741056659455061e-06
1.266666784378779456e-05
7.144045738576676357e-06
9.521625861450917278e-06
1.138719350328021019e-05
6.384848499648676581e-06
1.019264362604386287e-05
1.060383128446545773e-05
5.644718504601383788e-06
9.976720349668126604e-06
1.008895031945303407e-05
6.360070452611070174e-06
8.895325987932627024e-06
8.248950000974196334e-06
7.599562979968989291e-06
7.940559362668053630e-06
8.168403567276953016e-06
7.324788990945022617e-06
7.826849439482487384e-06
7.244598288246978493e-06
7.854220590185220330e-06
7.504791836130267896e-06
7.048845678699723816e-06
7.382042298446531759e-06
7.798645307650801134e-06
7.058023437981929099e-06
7.593664108848876578e-06
6.805012093545253526e-06
7.797020972632010569e-06
8.816456182709305254e-06
5.608101771633019383e-06
8.785730050749514852e-06
8.396297430968191453e-06
4.938669878289615850e-06
9.776266850391365353e-06
8.398571534518608432e-06
5.142990496678464044e-06
9.947884111268251670e-06
8.011541501118379588e-06
6.678338869798621988e-06
8.592596726460316551e-06
1.005504476602102023e-05
5.827840386752996292e-06
9.432207872074046618e-06
9.243210171416533130e-06
8.886215946282698699e-06
7.466414951027336208e-06
1.075560570309412911e-05
8.856548109704712521e-06
8.571022162968466453e-06
1.026794046546103169e-05
1.060092242126006148e-05
8.482975767773743217e-06
1.000844463843044446e-05
1.280120808078062643e-05
7.879221918393811006e-06
1.196011373225246950e-05
1.153789136326324281e-05
1.013004545097329836e-05
1.136048421937289391e-05
1.460927604193333528e-05
8.801035223519030102e-06
1.213958388368278550e-05
1.561781688622034572e-05
1.050392774144249263e-05
1.205185138298185582e-05
1.548750352659716991e-05
1.200732831031984027e-05
1.188199671522033271e-05
1.594877162139210421e-05
1.334336861634008255e-05
1.221987466893785489e-05
1.631025067933767462e-05
1.422263797856749546e-05
1.303570430429648347e-05
1.736535985244869903e-05
1.346817340415626206e-05
1.525896340136840814e-05
1.709956148070286769e-05
1.534329564730983121e-05
1.449425347261103948e-05
1.830309099104869102e-05
1.664356341740987411e-05
1.465803284977948052e-05
1.869546929623343846e-05
1.847397096102460257e-05
1.453583289945568068e-05
1.989842421885401283e-05
1.764209918519196895e-05
1.708062728608224486e-05
1.953683498539808859e-05
1.779340047799371418e-05
1.928874711332005117e-05
1.891249777261208776e-05
1.894002061150050102e-05
2.023866559376731857e-05
1.902116230394396596e-05
2.002362222303082846e-05
2.143366030808053832e-05
1.838016514096004999e-05
2.156803443270968187e-05
2.282198352780819421e-05
1.742838823660895143e-05
2.298115030702951373e-05
2.367931024904100469e-05
1.811186719663062639e-05
2.334148518558917324e-05
2.397151890232424772e-05
1.972749658357447850e-05
2.350519835779221015e-05
2.418101927171475895e-05
2.039209995159914907e-05
2.484545364699608042e-05
2.439392440767310113e-05
2.065714133071804229e-05
2.656664308532858971e-05
2.360594944026409153e-05
2.229356637000582767e-05
2.616394907995593191e-05
2.495076996884672754e-05
2.259115408589469295e-05
2.602603105057349055e-05
2.608289872395083207e-05
2.380353872685478850e-05
2.547506244840396736e-05
2.644860528631556406e-05
2.489647730461092191e-05
2.568703343521521173e-05
2.704252018236658189e-05
2.514189998867786708e-05
2.667563953612440403e-05
2.659019294720973118e-05
2.664580112235281925e-05
2.647652918769121086e-05
2.717338699459093316e-05
2.680417680073782379e-05
2.732906217019785206e-05
2.755128973446384222e-05
2.714891356243756714e-05
2.751763560253734240e-05
2.789342400087345219e-05
2.780343069707378792e-05
2.782468604890274227e-05
2.807159117546498186e-05
2.822039960119188237e-05
2.794015996666574122e-05
2.884853765693935469e-05
2.767108208960255446e-05
2.943535636004135166e-05
2.890408582561530473e-05
2.706560713942362178e-05
3.183674332216958856e-05
2.744725148724677169e-05
2.704344129571183771e-05
3.345395534961427076e-05
2.729083547771718907e-05
2.708382983141087376e-05
3.425921583403704942e-05
2.748262229134423648e-05
2.632943945018341442e-05
3.547779396844028216e-05
2.741394986107512308e-05
2.651247212881599889e-05
3.461626956323517266e-05
2.887809900813444140e-05
2.621748372559118523e-05
3.391977766260789154e-05
3.031520857534911751e-05
2.470979238221582467e-05
3.388146023639968701e-05
3.084683523877199444e-05
2.529558653565014826e-05
3.234168456201196983e-05
3.150774831351795061e-05
2.590674272963076761e-05
3.104425614865202222e-05
3.175932593790768444e-05
2.691312649674756021e-05
2.930979951295938432e-05
3.200147969408573029e-05
2.886672511724236117e-05
2.731191495493030138e-05
3.227384732123081911e-05
2.930755760755441826e-05
2.599762522264840894e-05
3.330128727872778911e-05
2.976113820561731842e-05
2.433346327259456441e-05
3.423825009619740006e-05
2.960944381856516847e-05
2.359130103936385553e-05
3.394684559862733673e-05
2.982131558058577370e-05
2.315350337573380960e-05
3.375372937254349562e-05
2.923734111588817901e-05
2.337526368110121738e-05
3.173495377048930895e-05
3.033251244404677098e-05
2.288827261664821787e-05
3.142177607089589766e-05
2.831252104770891510e-05
2.384075934185811497e-05
3.018715807335607175e-05
2.870699733108175004e-05
2.288455233343029784e-05
2.957514036846035211e-05
2.718910300083768355e-05
2.406624052072684627e-05
2.815644376715083661e-05
2.665596478954110953e-05
2.399711169535468736e-05
2.703486254808805438e-05
2.585349729374413551e-05
2.440521822653235552e-05
2.608992666710757417e-05
2.462866854231422615e-05
2.483020393895180370e-05
2.465396154528799833e-05
2.465527979150400846e-05
2.410040976703484785e-05
2.401361328509143441e-05
2.352840522191673709e-05
2.423627431066086921e-05
2.270440486885809278e-05
2.391681279648367499e-05
2.285092954149060693e-05
2.184958404188153176e-05
2.375421447728424333e-05
2.281025307384468358e-05
2.053096472428143937e-05
2.302967736734241189e-05
2.197413819487806027e-05
2.005436201791623255e-05
2.346547007910050939e-05
2.113946549814088000e-05
1.826600543843496130e-05
2.331589806970885934e-05
2.154419114692941641e-05
1.752095079810510924e-05
2.260197770900191356e-05
2.082543729836430982e-05
1.707262402780959477e-05
2.307835143020190658e-05
2.018341560641876952e-05
1.655927827410787025e-05
2.203054643074306844e-05
2.049756292806655418e-05
1.699042693997402392e-05
2.199072899083160903e-05
1.861324810719421964e-05
1.804404161000435408e-05
2.288852526424083313e-05
1.677398109816995004e-05
2.004207407851542222e-05
2.084526337059007791e-05
1.812025100922708828e-05
2.090810500370595307e-05
2.169906396199253916e-05
1.619431015150844697e-05
2.423410196830879870e-05
2.042917665481232007e-05
1.846935270731704635e-05
2.567423135515350195e-05
1.969429698055612214e-05
1.976331490990441766e-05
2.924337223673798583e-05
1.932392339823742856e-05
2.181724085622728442e-05
3.097047793299912891e-05
1.928358866318307386e-05
2.563764598597795483e-05
3.137381082034325933e-05
2.024012682228868627e-05
2.830829843902723172e-05
3.247934243103598568e-05
2.259831762034335929e-05
3.047733960626001739e-05
3.282874003336682571e-05
2.662303800232489166e-05
3.207736807543792455e-05
3.573306028453611643e-05
2.792825417513025103e-05
3.584864029158402822e-05
3.739481805821573326e-05
3.169971334448979685e-05
3.895400200551561991e-05
3.814424776986523205e-05
3.656842718984528535e-05
4.250289492552592466e-05
4.003665895703067951e-05
4.049788555276156131e-05
4.626960679097902210e-05
4.211379088171375161e-05
4.653405044927519493e-05
4.910974467448983084e-05
4.519605193702457880e-05
5.144515972574792705e-05
5.253392655306269519e-05
4.987132733887625092e-05
5.583503935477180470e-05
5.700737677364519962e-05
5.320807825865696321e-05
6.263956099220477857e-05
6.055726176555611322e-05
5.879542426964561551e-05
6.696571427122074917e-05
6.604554935074965919e-05
6.486052761013087688e-05
7.128457811724238217e-05
7.260633664948625790e-05
7.042234552837542698e-05
7.688204676862197499e-05
8.014199140430351817e-05
7.643966238267832036e-05
8.293684269448658595e-05
8.719516678412255861e-05
8.284439079575175167e-05
9.146878522760247575e-05
9.655127292311827306e-05
8.211187911465847079e-05
1.172499794201836834e-04
8.064130218920785012e-05
1.130377697189743040e-04
1.191849820209211808e-04
8.909786047142236346e-05
1.291469820260594695e-04
1.635331572237054846e-04
7.732894647697578924e-05
3.154510746598816967e-04
2.139948567099356430e-04
3.643362554561520029e-05
4.473820810418102732e-04
6.014304445709349901e-04
4.822122335352247249e-04
1.218699056699572075e-03
2.193699229541236622e-03
2.970318287644688887e-03
2.921872354189693037e-03
2.543243758564599742e-03
5.204882222969090325e-03
8.992391516093252088e-03
1.330449102097595003e-02
2.143149038069625673e-02
3.017068768949554558e-02
3.113499652467085002e-02
2.309813238495538740e-02
4.702224899079684300e-02
9.909984531860935308e-02
1.356712700944371630e-01
1.210555420467020887e-01
1.095275086182672386e-01
2.161396212043351639e-01
3.156796530295359893e-01
3.948833764504808275e-01
6.094003856907759253e-01
8.931157465149520691e-01
9.655846233254569144e-01
6.238569734818134593e-01
9.176281841390203642e-01
2.509503343893504823e+00
4.300855978742558428e+00
5.398304655431304333e+00
4.643256910354239153e+00
1.285407556337567980e+00
4.945092370761832612e+00
1.329668044445358177e+01
2.487111515893911218e+01
3.328579032996524489e+01
2.664392362326227470e+01
1.420905404308654951e+01
